window,start_row,stop_row,n_rows,novel_prevalence,known_macro_f1,known_macro_f1_all_initial_labels,known_balanced_accuracy,known_mcc,all_class_exact_macro_f1,novel_auprc,novel_auroc,known_success_rate,novel_safe_or_correct_rate,resilience_score,false_unknown_rate,novel_non_rejection_rate,coverage,selective_risk,ece,drift_triggered,drift_reason,mean_shift_score,predicted_unknown_rate,labels_queried,queried_label_counts,cumulative_labels_queried,update_performed,source_holdout_macro_f1,source_forgetting
0,0,500,500,0.0,0.9868287740628167,0.16447146234380278,0.974,,0.49341438703140833,,,0.974,,0.9868287740628167,0.0,,1.0,0.026,0.6232534418405835,False,warmup,0.043887351906205754,0.0,0,{},0,False,0.3300804536920476,0.0
1,500,1000,500,0.0,0.9929506545820745,0.1654917757636791,0.986,,0.49647532729103727,,,0.986,,0.9929506545820745,0.0,,1.0,0.014,0.6426790675047269,False,warmup,0.08045826567319081,0.0,0,{},0,False,0.3300804536920476,0.0
2,1000,1500,500,0.0,0.9909182643794148,0.1651530440632358,0.982,,0.3303060881264716,,,0.982,,0.9909182643794148,0.0,,1.0,0.018,0.6355817625089459,False,warmup,0.0936190478968353,0.0,0,{},0,False,0.3300804536920476,0.0
3,1500,2000,500,0.0,0.9878542510121457,0.16464237516869096,0.976,,0.3292847503373819,,,0.976,,0.9878542510121457,0.0,,1.0,0.024,0.6352008879406927,False,warmup,0.06469154277943685,0.0,0,{},0,False,0.3300804536920476,0.0
4,2000,2500,500,0.0,0.982706002034588,0.16378433367243134,0.966,,0.491353001017294,,,0.966,,0.982706002034588,0.0,,1.0,0.034,0.632631814861192,False,warmup,0.10358824534649702,0.0,0,{},0,False,0.3300804536920476,0.0
5,2500,3000,500,0.0,0.9919354838709677,0.16532258064516128,0.984,,0.4959677419354839,,,0.984,,0.9919354838709677,0.0,,1.0,0.016,0.6361561497422776,False,warmup,0.07318934782579847,0.0,0,{},0,False,0.3300804536920476,0.0
6,3000,3500,500,0.0,0.9878542510121457,0.16464237516869096,0.976,,0.3292847503373819,,,0.976,,0.9878542510121457,0.0,,1.0,0.024,0.6381300938584117,False,warmup,0.03249980131334251,0.0,0,{},0,False,0.3300804536920476,0.0
7,3500,4000,500,0.0,0.9816700610997964,0.16361167684996605,0.964,,0.3272233536999321,,,0.964,,0.9816700610997964,0.0,,1.0,0.036,0.6169482588607885,False,warmup,0.11512248424886691,0.0,0,{},0,False,0.3300804536920476,0.0
8,4000,4500,500,0.0,0.9909182643794148,0.1651530440632358,0.982,,0.4954591321897074,,,0.982,,0.9909182643794148,0.0,,1.0,0.018,0.653798295921626,False,warmup,0.08583677243349701,0.0,0,{},0,False,0.3300804536920476,0.0
9,4500,5000,500,0.0,0.983739837398374,0.16395663956639567,0.968,,0.32791327913279134,,,0.968,,0.983739837398374,0.0,,1.0,0.032,0.6283462428539461,False,warmup,0.05283972340114401,0.0,0,{},0,False,0.3300804536920476,0.0
10,5000,5500,500,0.0,0.98989898989899,0.16498316498316498,0.98,,0.32996632996632996,,,0.98,,0.98989898989899,0.0,,1.0,0.02,0.6409137252529031,False,warmup,0.0716241244422372,0.0,0,{},0,False,0.3300804536920476,0.0
11,5500,6000,500,0.0,0.9888776541961577,0.16481294236602628,0.978,,0.49443882709807885,,,0.978,,0.9888776541961577,0.0,,1.0,0.022,0.6469536314340188,False,warmup,0.0771574980261164,0.0,0,{},0,False,0.3300804536920476,0.0
12,6000,6500,500,0.0,0.9959839357429718,0.16599732262382863,0.992,,0.4979919678714859,,,0.992,,0.9959839357429718,0.0,,1.0,0.008,0.6392556541001373,False,warmup,0.0678386202543863,0.0,0,{},0,False,0.3300804536920476,0.0
13,6500,7000,500,0.0,0.9816700610997964,0.16361167684996605,0.964,,0.3272233536999321,,,0.964,,0.9816700610997964,0.0,,1.0,0.036,0.6168893151029772,False,warmup,0.05888638400422812,0.0,0,{},0,False,0.3300804536920476,0.0
14,7000,7500,500,0.0,0.9806320081549439,0.163438668025824,0.962,,0.49031600407747195,,,0.962,,0.9806320081549439,0.0,,1.0,0.038,0.6362735994059293,False,warmup,0.08054414072718691,0.0,0,{},0,False,0.3300804536920476,0.0
15,7500,8000,500,0.0,0.9858012170385395,0.16430020283975658,0.972,,0.32860040567951315,,,0.972,,0.9858012170385395,0.0,,1.0,0.028,0.634916760464389,False,warmup,0.026597013960109554,0.0,0,{},0,False,0.3300804536920476,0.0
16,8000,8500,500,0.0,0.9929506545820745,0.1654917757636791,0.986,,0.49647532729103727,,,0.986,,0.9929506545820745,0.0,,1.0,0.014,0.6449736201164479,False,warmup,0.08094212581812085,0.0,0,{},0,False,0.3300804536920476,0.0
17,8500,9000,500,0.0,0.9888776541961577,0.16481294236602628,0.978,,0.32962588473205257,,,0.978,,0.9888776541961577,0.0,,1.0,0.022,0.6368669179509712,False,warmup,0.10845013462136455,0.0,0,{},0,False,0.3300804536920476,0.0
18,9000,9500,500,0.0,0.993963782696177,0.16566063044936283,0.988,,0.33132126089872566,,,0.988,,0.993963782696177,0.0,,1.0,0.012,0.6338512030100466,False,warmup,0.04799410591434179,0.0,0,{},0,False,0.3300804536920476,0.0
19,9500,10000,500,0.0,0.98989898989899,0.16498316498316498,0.98,,0.494949494949495,,,0.98,,0.98989898989899,0.0,,1.0,0.02,0.6483289100622559,False,warmup,0.051666750657348146,0.0,0,{},0,False,0.3300804536920476,0.0
20,10000,10500,500,0.0,0.9929506545820745,0.1654917757636791,0.986,,0.49647532729103727,,,0.986,,0.9929506545820745,0.0,,1.0,0.014,0.605178743573008,False,warmup,0.06761181764734586,0.0,0,{},0,False,0.3300804536920476,0.0
21,10500,11000,500,0.0,0.9909182643794148,0.1651530440632358,0.982,,0.3303060881264716,,,0.982,,0.9909182643794148,0.0,,1.0,0.018,0.587185681475657,False,warmup,0.07011443545434315,0.0,0,{},0,False,0.3300804536920476,0.0
22,11000,11500,500,0.0,0.9919354838709677,0.16532258064516128,0.984,,0.33064516129032256,,,0.984,,0.9919354838709677,0.0,,1.0,0.016,0.5698156760430608,False,warmup,0.06673713969905057,0.0,0,{},0,False,0.3300804536920476,0.0
23,11500,12000,500,0.0,0.98989898989899,0.16498316498316498,0.98,,0.32996632996632996,,,0.98,,0.98989898989899,0.0,,1.0,0.02,0.6316155484413103,False,warmup,0.07340267016195404,0.0,0,{},0,False,0.3300804536920476,0.0
24,12000,12500,500,0.0,0.993963782696177,0.16566063044936283,0.988,,0.4969818913480885,,,0.988,,0.993963782696177,0.0,,1.0,0.012,0.6548256716525729,False,warmup,0.04423840407072338,0.0,0,{},0,False,0.3300804536920476,0.0
25,12500,13000,500,0.0,0.9919354838709677,0.16532258064516128,0.984,,0.4959677419354839,,,0.984,,0.9919354838709677,0.0,,1.0,0.016,0.6567398672736803,False,warmup,0.1688580930733993,0.0,0,{},0,False,0.3300804536920476,0.0
26,13000,13500,500,0.0,0.9868287740628167,0.16447146234380278,0.974,,0.49341438703140833,,,0.974,,0.9868287740628167,0.0,,1.0,0.026,0.6385243141814403,False,warmup,0.05228259941866028,0.0,0,{},0,False,0.3300804536920476,0.0
27,13500,14000,500,0.0,0.9919354838709677,0.16532258064516128,0.984,,0.4959677419354839,,,0.984,,0.9919354838709677,0.0,,1.0,0.016,0.6527330887953886,False,warmup,0.058075035147671865,0.0,0,{},0,False,0.3300804536920476,0.0
28,14000,14500,500,0.0,0.9888776541961577,0.16481294236602628,0.978,,0.49443882709807885,,,0.978,,0.9888776541961577,0.0,,1.0,0.022,0.6374328383705712,False,warmup,0.058872921839959604,0.0,0,{},0,False,0.3300804536920476,0.0
29,14500,15000,500,0.0,0.9878542510121457,0.16464237516869096,0.976,,0.3292847503373819,,,0.976,,0.9878542510121457,0.0,,1.0,0.024,0.5986554894282485,False,warmup,0.0673537334144014,0.0,0,{},0,False,0.3300804536920476,0.0
30,15000,15500,500,0.0,0.98989898989899,0.16498316498316498,0.98,,0.32996632996632996,,,0.98,,0.98989898989899,0.0,,1.0,0.02,0.5724519507282447,False,none,0.0868020858748593,0.0,0,{},0,False,0.3300804536920476,0.0
31,15500,16000,500,0.0,0.993963782696177,0.16566063044936283,0.988,,0.4969818913480885,,,0.988,,0.993963782696177,0.0,,1.0,0.012,0.5903341958897727,False,none,0.0734292397468868,0.0,0,{},0,False,0.3300804536920476,0.0
32,16000,16500,500,0.0,0.9711934156378601,0.16186556927297668,0.944,,0.32373113854595337,,,0.944,,0.9711934156378601,0.0,,1.0,0.056,0.6083499825459046,False,persistence_pending,0.11612316533547294,0.0,0,{},0,False,0.3300804536920476,0.0
33,16500,17000,500,0.0,0.9785495403472931,0.16309159005788218,0.958,,0.32618318011576436,,,0.958,,0.9785495403472931,0.0,,1.0,0.042,0.627843907371155,False,none,0.06850723507549196,0.0,0,{},0,False,0.3300804536920476,0.0
34,17000,17500,500,0.0,0.9785495403472931,0.16309159005788218,0.958,,0.32618318011576436,,,0.958,,0.9785495403472931,0.0,,1.0,0.042,0.6100908532518856,False,none,0.10599100744117258,0.0,0,{},0,False,0.3300804536920476,0.0
35,17500,18000,500,0.0,0.9959839357429718,0.16599732262382863,0.992,,0.4979919678714859,,,0.992,,0.9959839357429718,0.0,,1.0,0.008,0.6352186226663377,False,none,0.0588147321399102,0.0,0,{},0,False,0.3300804536920476,0.0
36,18000,18500,500,0.0,0.9816700610997964,0.16361167684996605,0.964,,0.3272233536999321,,,0.964,,0.9816700610997964,0.0,,1.0,0.036,0.6073612494980573,False,none,0.09995778316883629,0.0,0,{},0,False,0.3300804536920476,0.0
37,18500,19000,500,0.0,0.9919354838709677,0.16532258064516128,0.984,,0.4959677419354839,,,0.984,,0.9919354838709677,0.0,,1.0,0.016,0.6490308007267016,False,none,0.039267149356165064,0.0,0,{},0,False,0.3300804536920476,0.0
38,19000,19500,500,0.0,0.9929506545820745,0.1654917757636791,0.986,,0.49647532729103727,,,0.986,,0.9929506545820745,0.0,,1.0,0.014,0.6279157109827992,False,none,0.05480378526103889,0.0,0,{},0,False,0.3300804536920476,0.0
39,19500,20000,500,0.0,0.9816700610997964,0.16361167684996605,0.964,,0.4908350305498982,,,0.964,,0.9816700610997964,0.0,,1.0,0.036,0.6217639292343543,False,none,0.03534532859015821,0.0,0,{},0,False,0.3300804536920476,0.0
40,20000,20500,500,0.0,0.4878698017307901,0.4878698017307901,0.5722448165869218,0.41126836614319656,0.4878698017307901,,,0.9,,0.4878698017307901,0.0,,1.0,0.1,0.48631510311062703,False,persistence_pending,0.41797077133298044,0.0,0,{},0,False,0.3300804536920476,0.0
41,20500,21000,500,0.0,0.24606018303086707,0.24606018303086707,0.30822510822510824,0.45884603137665647,0.24606018303086707,,,0.918,,0.24606018303086707,0.0,,1.0,0.082,0.5674752343281099,True,persistent_mean_shift,0.12862688782134538,0.0,50,"{'Benign': 39, 'Exploits': 6, 'Fuzzers': 2, 'Reconnaissance': 1, 'Generic': 1, 'DoS': 1}",50,True,0.33139878007152856,0.0
42,21000,21500,500,0.0,0.4193992591399581,0.34949938261663177,0.39257442780932716,0.5158790802602594,0.34949938261663177,,,0.896,,0.4193992591399581,0.0,,1.0,0.104,0.5383717237236237,False,latched,0.223769103569732,0.0,0,{},50,False,0.33139878007152856,0.0
43,21500,22000,500,0.0,0.387011616923662,0.3225096807697183,0.49703389830508476,0.533189054137315,0.387011616923662,,,0.942,,0.387011616923662,0.0,,1.0,0.058,0.5678189528988947,False,latched,0.12443022924256587,0.0,0,{},50,False,0.33139878007152856,0.0
44,22000,22500,500,0.0,0.9949748743718593,0.1658291457286432,0.99,,0.49748743718592964,,,0.99,,0.9949748743718593,0.0,,1.0,0.01,0.6213844184144264,False,latched,0.14969080992661984,0.0,0,{},50,False,0.33139878007152856,0.0
45,22500,23000,500,0.0,0.9816700610997964,0.16361167684996605,0.964,,0.3272233536999321,,,0.964,,0.9816700610997964,0.0,,1.0,0.036,0.6299314224736302,False,latched,0.07421703165556862,0.0,0,{},50,False,0.33139878007152856,0.0
46,23000,23500,500,0.0,0.9858012170385395,0.16430020283975658,0.972,,0.49290060851926976,,,0.972,,0.9858012170385395,0.0,,1.0,0.028,0.6359539439025033,False,latched,0.07362428455404108,0.0,0,{},50,False,0.33139878007152856,0.0
47,23500,24000,500,0.0,0.327545114061968,0.163772557030984,0.32456140350877194,0.09488049734175079,0.1965270684371808,,,0.962,,0.327545114061968,0.0,,1.0,0.038,0.6277802577481266,False,latched,0.08412166936856777,0.0,0,{},50,False,0.33139878007152856,0.0
48,24000,24500,500,0.0,0.272188995215311,0.272188995215311,0.29189234538071746,0.4515316486892531,0.272188995215311,,,0.93,,0.272188995215311,0.0,,1.0,0.07,0.6028619775379792,False,latched,0.14729385984232876,0.0,0,{},50,False,0.33139878007152856,0.0
49,24500,25000,500,0.0,0.30495520716685326,0.2541293393057111,0.36783650458069067,0.402076626395987,0.2541293393057111,,,0.93,,0.30495520716685326,0.0,,1.0,0.07,0.5958664517785148,False,latched,0.09250358880739583,0.0,0,{},50,False,0.33139878007152856,0.0
50,25000,25500,500,0.0,0.35511158342189164,0.29592631951824305,0.4544915254237288,0.37310027227482395,0.29592631951824305,,,0.928,,0.35511158342189164,0.0,,1.0,0.072,0.5940453028885921,False,latched,0.10405018426667802,0.0,0,{},50,False,0.33139878007152856,0.0
51,25500,26000,500,0.0,0.285003885003885,0.285003885003885,0.2884069830878342,0.42874326720939593,0.285003885003885,,,0.928,,0.285003885003885,0.0,,1.0,0.072,0.6020261353901514,False,latched,0.1130125061106122,0.0,0,{},50,False,0.33139878007152856,0.0
52,26000,26500,500,0.0,0.30589809666647333,0.2549150805553944,0.3926406926406926,0.40652476255940806,0.2549150805553944,,,0.904,,0.30589809666647333,0.0,,1.0,0.096,0.5771298860818128,False,latched,0.20285842444926613,0.0,0,{},50,False,0.33139878007152856,0.0
53,26500,27000,500,0.0,0.36289788642729814,0.24193192428486543,0.39932036247334757,0.38150537086961195,0.24193192428486543,,,0.922,,0.36289788642729814,0.0,,1.0,0.078,0.5586426804142789,False,latched,0.10839717004239283,0.0,0,{},50,False,0.33139878007152856,0.0
54,27000,27500,500,0.0,0.25597637442615606,0.25597637442615606,0.2409306195596518,0.40748548013324354,0.25597637442615606,,,0.904,,0.25597637442615606,0.0,,1.0,0.096,0.5539765812099652,False,latched,0.15573194648353897,0.0,0,{},50,False,0.33139878007152856,0.0
55,27500,28000,500,0.0,0.31381673881673877,0.31381673881673877,0.3665769707874971,0.5213995029067086,0.31381673881673877,,,0.86,,0.31381673881673877,0.0,,1.0,0.14,0.5376241685917793,False,latched,0.31497435850237687,0.0,0,{},50,False,0.33139878007152856,0.0
56,28000,28500,500,0.0,0.23751295475662926,0.19792746229719105,0.28442985394613424,0.29510579523585495,0.19792746229719105,,,0.768,,0.23751295475662926,0.0,,1.0,0.232,0.45616951380143367,False,latched,0.34423299251949196,0.0,0,{},50,False,0.33139878007152856,0.0
57,28500,29000,500,0.0,0.2486552028218695,0.2486552028218695,0.3532695374800638,0.38963114336863813,0.2486552028218695,,,0.842,,0.2486552028218695,0.0,,1.0,0.158,0.5048307003364685,False,latched,0.23654725121244696,0.0,0,{},50,False,0.33139878007152856,0.0
58,29000,29500,500,0.0,0.3753682118008494,0.3753682118008494,0.4577335396657191,0.5045989146717424,0.3753682118008494,,,0.876,,0.3753682118008494,0.0,,1.0,0.124,0.528771348149843,False,latched,0.237133305570661,0.0,0,{},50,False,0.33139878007152856,0.0
59,29500,30000,500,0.0,0.25902909916332734,0.25902909916332734,0.336067844646276,0.42172885657357767,0.25902909916332734,,,0.882,,0.25902909916332734,0.0,,1.0,0.118,0.5500229292241653,False,latched,0.18613743185691045,0.0,0,{},50,False,0.33139878007152856,0.0
60,30000,30500,500,0.0,0.22758218489807636,0.22758218489807636,0.29272101217168484,0.3350258710847002,0.22758218489807636,,,0.83,,0.22758218489807636,0.0,,1.0,0.17,0.5034524450873941,False,latched,0.2463181278789087,0.0,0,{},50,False,0.33139878007152856,0.0
61,30500,31000,500,0.0,0.29330098548108025,0.29330098548108025,0.32626728110599074,0.39685617234580656,0.29330098548108025,,,0.828,,0.29330098548108025,0.0,,1.0,0.172,0.49999928655836223,False,latched,0.245058411847012,0.0,0,{},50,False,0.33139878007152856,0.0
62,31000,31500,500,0.0,0.2596348366866971,0.2596348366866971,0.39356950562897697,0.31733201062354777,0.2596348366866971,,,0.832,,0.2596348366866971,0.0,,1.0,0.168,0.49906934151345606,False,latched,0.23938468996088003,0.0,0,{},50,False,0.33139878007152856,0.0
63,31500,32000,500,0.0,0.3145382395382395,0.2621151996151996,0.5100712191034772,0.28840519074318643,0.2621151996151996,,,0.856,,0.3145382395382395,0.0,,1.0,0.144,0.5184691711018076,False,latched,0.19799004797071681,0.0,0,{},50,False,0.33139878007152856,0.0
64,32000,32500,500,0.0,0.35206672429542907,0.29338893691285756,0.4270238095238096,0.3650286520261523,0.29338893691285756,,,0.828,,0.35206672429542907,0.0,,1.0,0.172,0.48878555732352724,False,latched,0.27210925677919495,0.0,0,{},50,False,0.33139878007152856,0.0
65,32500,33000,500,0.0,0.2928488368991801,0.24404069741598344,0.30446758481692976,0.3769424572699712,0.24404069741598344,,,0.878,,0.2928488368991801,0.0,,1.0,0.122,0.5398429109769326,False,latched,0.16544457962508882,0.0,0,{},50,False,0.33139878007152856,0.0
66,33000,33500,500,0.0,0.40511561318907646,0.40511561318907646,0.41652900370005635,0.6186575226772654,0.40511561318907646,,,0.872,,0.40511561318907646,0.0,,1.0,0.128,0.5154951223937406,False,latched,0.3523019402558729,0.0,0,{},50,False,0.33139878007152856,0.0
67,33500,34000,500,0.0,0.3831667844825739,0.3831667844825739,0.47608462475815055,0.5659306334181311,0.3831667844825739,,,0.884,,0.3831667844825739,0.0,,1.0,0.116,0.5400271895388438,False,latched,0.2491929851549056,0.0,0,{},50,False,0.33139878007152856,0.0
68,34000,34500,500,0.0,0.349221448217465,0.349221448217465,0.4017821041565583,0.4996296600598373,0.349221448217465,,,0.898,,0.349221448217465,0.0,,1.0,0.102,0.5576449095498468,False,latched,0.1929876478585138,0.0,0,{},50,False,0.33139878007152856,0.0
69,34500,35000,500,0.0,0.24526928675400292,0.24526928675400292,0.2341485507246377,0.4014259941868921,0.24526928675400292,,,0.904,,0.24526928675400292,0.0,,1.0,0.096,0.5755242162426835,False,latched,0.19182271235353357,0.0,0,{},50,False,0.33139878007152856,0.0
70,35000,35500,500,0.0,0.2423808770820156,0.2423808770820156,0.4116809116809117,0.3812583415985932,0.2423808770820156,,,0.916,,0.2423808770820156,0.0,,1.0,0.084,0.5780027970142916,False,latched,0.14988040772106337,0.0,0,{},50,False,0.33139878007152856,0.0
71,35500,36000,500,0.0,0.43084937262249473,0.3590411438520789,0.47327008222643896,0.4601620818352088,0.3590411438520789,,,0.924,,0.43084937262249473,0.0,,1.0,0.076,0.5726814933106319,False,latched,0.15255867917921076,0.0,0,{},50,False,0.33139878007152856,0.0
72,36000,36500,500,0.0,0.3002921898444287,0.2502434915370239,0.3711702127659574,0.4669826986477091,0.2502434915370239,,,0.936,,0.3002921898444287,0.0,,1.0,0.064,0.591778883225738,False,latched,0.13051646223047333,0.0,0,{},50,False,0.33139878007152856,0.0
73,36500,37000,500,0.0,0.3364834031380884,0.280402835948407,0.30737588652482273,0.33617588582939933,0.280402835948407,,,0.924,,0.3364834031380884,0.0,,1.0,0.076,0.587545060684142,False,latched,0.08725590234811251,0.0,0,{},50,False,0.33139878007152856,0.0
74,37000,37500,500,0.0,0.3520384511909936,0.3520384511909936,0.39735746982938,0.4920201543411643,0.3520384511909936,,,0.89,,0.3520384511909936,0.0,,1.0,0.11,0.5730702250149198,False,latched,0.1711766053398743,0.0,0,{},50,False,0.33139878007152856,0.0
75,37500,38000,500,0.0,0.27339673538503945,0.27339673538503945,0.3406508802850266,0.4824735779962156,0.27339673538503945,,,0.892,,0.27339673538503945,0.0,,1.0,0.108,0.5402735511470261,False,latched,0.18858929711021435,0.0,0,{},50,False,0.33139878007152856,0.0
76,38000,38500,500,0.0,0.30105465217707994,0.30105465217707994,0.509159510798855,0.5500225135735116,0.30105465217707994,,,0.872,,0.30105465217707994,0.0,,1.0,0.128,0.5142778019822813,False,latched,0.2503015466304293,0.0,0,{},50,False,0.33139878007152856,0.0
77,38500,39000,500,0.0,0.41726630253414265,0.3477219187784522,0.40728715728715736,0.5269105500152904,0.3477219187784522,,,0.914,,0.41726630253414265,0.0,,1.0,0.086,0.5735173411965487,False,latched,0.1933857422566714,0.0,0,{},50,False,0.33139878007152856,0.0
78,39000,39500,500,0.0,0.31072323044932565,0.31072323044932565,0.3378615211948545,0.548305259752578,0.31072323044932565,,,0.876,,0.31072323044932565,0.0,,1.0,0.124,0.5225693334325352,False,latched,0.2782846407064264,0.0,0,{},50,False,0.33139878007152856,0.0
79,39500,40000,500,0.0,0.29360117295475824,0.29360117295475824,0.2951236263736264,0.48597469612771965,0.29360117295475824,,,0.896,,0.29360117295475824,0.0,,1.0,0.104,0.5596120211279973,False,latched,0.1712534950498686,0.0,0,{},50,False,0.33139878007152856,0.0
80,40000,40500,500,0.0,0.3841925870056542,0.3841925870056542,0.40743577275305937,0.6421978221127143,0.3841925870056542,,,0.94,,0.3841925870056542,0.0,,1.0,0.06,0.56813024869651,False,latched,0.1676729091341664,0.0,0,{},50,False,0.33139878007152856,0.0
81,40500,41000,500,0.0,0.4241563728945432,0.4241563728945432,0.511093640810622,0.5205109592529772,0.4241563728945432,,,0.954,,0.4241563728945432,0.0,,1.0,0.046,0.5916721472763306,False,latched,0.11812331402538609,0.0,0,{},50,False,0.33139878007152856,0.0
82,41000,41500,500,0.0,0.48541079339508664,0.3236071955967244,0.644258872651357,0.36227215334439616,0.3236071955967244,,,0.944,,0.48541079339508664,0.0,,1.0,0.056,0.5668985379909858,False,latched,0.09154959705012622,0.0,0,{},50,False,0.33139878007152856,0.0
83,41500,42000,500,0.0,0.2682797358187766,0.2235664465156472,0.347071129707113,0.4355023300968456,0.2235664465156472,,,0.948,,0.2682797358187766,0.0,,1.0,0.052,0.5890943541104511,False,latched,0.07992171052319323,0.0,0,{},50,False,0.33139878007152856,0.0
84,42000,42500,500,0.0,0.3340003345305573,0.3340003345305573,0.36054901054901056,0.3549775662939895,0.3340003345305573,,,0.926,,0.3340003345305573,0.0,,1.0,0.074,0.5949643210016786,False,latched,0.08480065089957374,0.0,0,{},50,False,0.33139878007152856,0.0
85,42500,43000,500,0.0,0.30210410469310145,0.30210410469310145,0.344277539341917,0.38789502230461925,0.30210410469310145,,,0.914,,0.30210410469310145,0.0,,1.0,0.086,0.5856963015903321,False,latched,0.10644840696757978,0.0,0,{},50,False,0.33139878007152856,0.0
86,43000,43500,500,0.0,0.35817356572258535,0.35817356572258535,0.44040460628695927,0.41507193706128737,0.35817356572258535,,,0.908,,0.35817356572258535,0.0,,1.0,0.092,0.5660338993612336,False,latched,0.196785390664443,0.0,0,{},50,False,0.33139878007152856,0.0
87,43500,44000,500,0.0,0.428237274707863,0.3568643955898858,0.46225511189486507,0.46492638297840166,0.3568643955898858,,,0.914,,0.428237274707863,0.0,,1.0,0.086,0.5828995372377389,False,latched,0.12978662979202854,0.0,0,{},50,False,0.33139878007152856,0.0
88,44000,44500,500,0.0,0.44882077380798613,0.3740173115066551,0.47307359307359304,0.5421601067094309,0.3740173115066551,,,0.928,,0.44882077380798613,0.0,,1.0,0.072,0.5803579644690339,False,latched,0.13704525282421692,0.0,0,{},50,False,0.33139878007152856,0.0
89,44500,45000,500,0.0,0.2783032991744426,0.2783032991744426,0.3354511006574194,0.4777737114970064,0.2783032991744426,,,0.86,,0.2783032991744426,0.0,,1.0,0.14,0.5491551575990781,False,latched,0.3057883398747685,0.0,0,{},50,False,0.33139878007152856,0.0
90,45000,45500,500,0.0,0.2318627450980392,0.2318627450980392,0.29916286149162863,0.3658014251037066,0.2318627450980392,,,0.802,,0.2318627450980392,0.0,,1.0,0.198,0.46811793315831407,False,latched,0.3459350717497192,0.0,0,{},50,False,0.33139878007152856,0.0
91,45500,46000,500,0.0,0.2740641927399143,0.2740641927399143,0.39010697811365197,0.4202155301738947,0.2740641927399143,,,0.842,,0.2740641927399143,0.0,,1.0,0.158,0.5049685487610074,False,latched,0.2460514875010527,0.0,0,{},50,False,0.33139878007152856,0.0
92,46000,46500,500,0.0,0.3148832345765075,0.3148832345765075,0.3682900432900433,0.4486088294367279,0.3148832345765075,,,0.9,,0.3148832345765075,0.0,,1.0,0.1,0.5598155420032537,False,latched,0.1546520083682267,0.0,0,{},50,False,0.33139878007152856,0.0
93,46500,47000,500,0.0,0.1610863095238095,0.1610863095238095,0.1562049062049062,0.33351105303409206,0.1610863095238095,,,0.866,,0.1610863095238095,0.0,,1.0,0.134,0.5663559315210276,False,latched,0.15786172802759416,0.0,0,{},50,False,0.33139878007152856,0.0
94,47000,47500,500,0.0,0.28904514915636265,0.28904514915636265,0.34665593705293274,0.3997343707913408,0.28904514915636265,,,0.904,,0.28904514915636265,0.0,,1.0,0.096,0.5690493033295145,False,latched,0.13703811424050016,0.0,0,{},50,False,0.33139878007152856,0.0
95,47500,48000,500,0.0,0.44178203121865095,0.44178203121865095,0.4652983411830167,0.5409853648621682,0.44178203121865095,,,0.876,,0.44178203121865095,0.0,,1.0,0.124,0.5348171190016479,False,latched,0.25907134874015086,0.0,0,{},50,False,0.33139878007152856,0.0
96,48000,48500,500,0.0,0.39578224776500637,0.329818539804172,0.5201445179841848,0.3854411903540692,0.329818539804172,,,0.84,,0.39578224776500637,0.0,,1.0,0.16,0.49687265321335006,False,latched,0.26947482445722976,0.0,0,{},50,False,0.33139878007152856,0.0
97,48500,49000,500,0.0,0.31122686968204205,0.25935572473503504,0.3787418655097614,0.3156724214718655,0.25935572473503504,,,0.832,,0.31122686968204205,0.0,,1.0,0.168,0.509213929610292,False,latched,0.2455070310871649,0.0,0,{},50,False,0.33139878007152856,0.0
98,49000,49500,500,0.0,0.36130047862361936,0.36130047862361936,0.4455128205128205,0.39370154845097777,0.36130047862361936,,,0.89,,0.36130047862361936,0.0,,1.0,0.11,0.5507221237125022,False,latched,0.16450036199005438,0.0,0,{},50,False,0.33139878007152856,0.0
99,49500,50000,500,0.0,0.29225396825396827,0.29225396825396827,0.293195703651373,0.4711338448016545,0.29225396825396827,,,0.876,,0.29225396825396827,0.0,,1.0,0.124,0.5297242636310698,False,latched,0.20714026875309724,0.0,0,{},50,False,0.33139878007152856,0.0
100,50000,50500,500,0.0,0.2891247095182694,0.2891247095182694,0.33089883972236916,0.4848281332420714,0.2891247095182694,,,0.854,,0.2891247095182694,0.0,,1.0,0.146,0.5217847862002444,False,latched,0.28027090993871795,0.0,0,{},50,False,0.33139878007152856,0.0
101,50500,51000,500,0.0,0.3949090869828108,0.32909090581900896,0.4292940639741073,0.48965024669194646,0.32909090581900896,,,0.91,,0.3949090869828108,0.0,,1.0,0.09,0.5640295200086751,False,latched,0.1914672942094396,0.0,0,{},50,False,0.33139878007152856,0.0
102,51000,51500,500,0.0,0.3364081927462209,0.28034016062185074,0.3999087353324641,0.5044087862926955,0.28034016062185074,,,0.924,,0.3364081927462209,0.0,,1.0,0.076,0.5820824217589585,False,latched,0.11225877391414879,0.0,0,{},50,False,0.33139878007152856,0.0
103,51500,52000,500,0.0,0.266377981734457,0.266377981734457,0.31415529980107987,0.37465418899680236,0.266377981734457,,,0.882,,0.266377981734457,0.0,,1.0,0.118,0.5530493605251061,False,latched,0.20581035636627623,0.0,0,{},50,False,0.33139878007152856,0.0
104,52000,52500,500,0.0,0.3037082573980578,0.3037082573980578,0.3650197628458498,0.3729226358166994,0.3037082573980578,,,0.866,,0.3037082573980578,0.0,,1.0,0.134,0.5226949414331251,False,latched,0.22758401365479952,0.0,0,{},50,False,0.33139878007152856,0.0
105,52500,53000,500,0.0,0.23098553675856306,0.23098553675856306,0.37804290190407325,0.35423463804202726,0.23098553675856306,,,0.87,,0.23098553675856306,0.0,,1.0,0.13,0.5327741142456771,False,latched,0.17037209859946204,0.0,0,{},50,False,0.33139878007152856,0.0
106,53000,53500,500,0.0,0.21702293910810963,0.18085244925675803,0.2933054393305439,0.3408518602650784,0.21702293910810963,,,0.926,,0.21702293910810963,0.0,,1.0,0.074,0.5934645691809685,False,latched,0.11305486072083873,0.0,0,{},50,False,0.33139878007152856,0.0
107,53500,54000,500,0.0,0.2384460547504026,0.2384460547504026,0.39285714285714285,0.4157753539264119,0.2384460547504026,,,0.91,,0.2384460547504026,0.0,,1.0,0.09,0.5710348123104789,False,latched,0.15648065125754715,0.0,0,{},50,False,0.33139878007152856,0.0
108,54000,54500,500,0.0,0.27273478835978837,0.22727899029982365,0.24279379157427936,0.5015443233375945,0.22727899029982365,,,0.9,,0.27273478835978837,0.0,,1.0,0.1,0.5659457598471198,False,latched,0.18989195570539855,0.0,0,{},50,False,0.33139878007152856,0.0
109,54500,55000,500,0.0,0.2873916689963657,0.2873916689963657,0.3451979668271803,0.49198535271828686,0.2873916689963657,,,0.88,,0.2873916689963657,0.0,,1.0,0.12,0.5215289234239686,False,latched,0.2076352384307416,0.0,0,{},50,False,0.33139878007152856,0.0
110,55000,55500,500,0.0,0.3096218594242702,0.3096218594242702,0.3834742391088124,0.5334354092999573,0.3096218594242702,,,0.914,,0.3096218594242702,0.0,,1.0,0.086,0.5665492344643811,False,latched,0.17701470112051745,0.0,0,{},50,False,0.33139878007152856,0.0
111,55500,56000,500,0.0,0.26499558932214234,0.26499558932214234,0.2747654110732652,0.4705372975372111,0.26499558932214234,,,0.86,,0.26499558932214234,0.0,,1.0,0.14,0.5230278072138532,False,latched,0.2594029391099411,0.0,0,{},50,False,0.33139878007152856,0.0
112,56000,56500,500,0.0,0.2728706608364084,0.2728706608364084,0.37961888802956084,0.5011436634518011,0.2728706608364084,,,0.864,,0.2728706608364084,0.0,,1.0,0.136,0.5104032752857424,False,latched,0.2739753222195908,0.0,0,{},50,False,0.33139878007152856,0.0
113,56500,57000,500,0.0,0.5259839372400882,0.4383199477000735,0.6977352352352353,0.6690273952812988,0.4383199477000735,,,0.928,,0.5259839372400882,0.0,,1.0,0.072,0.5713064988716307,False,latched,0.20026610204685377,0.0,0,{},50,False,0.33139878007152856,0.0
114,57000,57500,500,0.0,0.35523707558591283,0.35523707558591283,0.42566387141858836,0.4332021755038698,0.35523707558591283,,,0.94,,0.35523707558591283,0.0,,1.0,0.06,0.5960459397810305,False,latched,0.13371375954885953,0.0,0,{},50,False,0.33139878007152856,0.0
115,57500,58000,500,0.0,0.32846560846560846,0.27372134038800705,0.3932914046121593,0.33120218089626374,0.27372134038800705,,,0.928,,0.32846560846560846,0.0,,1.0,0.072,0.5953470708418344,False,latched,0.17732533273639858,0.0,0,{},50,False,0.33139878007152856,0.0
116,58000,58500,500,0.0,0.49708805579773324,0.24854402789886662,0.6175213675213675,0.43976517946155647,0.24854402789886662,,,0.918,,0.49708805579773324,0.0,,1.0,0.082,0.5731343132232306,False,latched,0.1282992420012868,0.0,0,{},50,False,0.33139878007152856,0.0
117,58500,59000,500,0.0,0.42961359628026297,0.42961359628026297,0.5547799422799423,0.46674492487507263,0.42961359628026297,,,0.922,,0.42961359628026297,0.0,,1.0,0.078,0.5612603978376994,False,latched,0.1185962795682509,0.0,0,{},50,False,0.33139878007152856,0.0
118,59000,59500,500,0.0,0.5038386756461684,0.3358924504307789,0.5049766040130066,0.3982995464895162,0.3358924504307789,,,0.926,,0.5038386756461684,0.0,,1.0,0.074,0.5841630187965895,False,latched,0.17558031411405384,0.0,0,{},50,False,0.33139878007152856,0.0
119,59500,60000,500,0.0,0.3982400212525736,0.33186668437714467,0.5323591071648786,0.41866363542131263,0.3982400212525736,,,0.95,,0.3982400212525736,0.0,,1.0,0.05,0.617539325320592,False,latched,0.10222090835065416,0.0,0,{},50,False,0.33139878007152856,0.0
120,60000,60500,500,0.0,0.30908144231578355,0.30908144231578355,0.4643240919836665,0.4196116126373384,0.30908144231578355,,,0.916,,0.30908144231578355,0.0,,1.0,0.084,0.5878903534536318,False,latched,0.15508266679911178,0.0,0,{},50,False,0.33139878007152856,0.0
121,60500,61000,500,0.0,0.33903512972140426,0.33903512972140426,0.42174376549376547,0.5259157288910821,0.33903512972140426,,,0.86,,0.33903512972140426,0.0,,1.0,0.14,0.5354497366482971,False,latched,0.3618272781736042,0.0,0,{},50,False,0.33139878007152856,0.0
122,61000,61500,500,0.0,0.23020139870327674,0.23020139870327674,0.29166987446803966,0.36225061991535623,0.23020139870327674,,,0.808,,0.23020139870327674,0.0,,1.0,0.192,0.4739356876718475,False,latched,0.3201491870494291,0.0,0,{},50,False,0.33139878007152856,0.0
123,61500,62000,500,0.0,0.2888988032752467,0.2888988032752467,0.32801282051282055,0.42843314345989475,0.2888988032752467,,,0.854,,0.2888988032752467,0.0,,1.0,0.146,0.506917895454876,False,latched,0.20106385402697188,0.0,0,{},50,False,0.33139878007152856,0.0
124,62000,62500,500,0.0,0.2228537554752199,0.2228537554752199,0.36639863547758283,0.4127839455185142,0.2228537554752199,,,0.88,,0.2228537554752199,0.0,,1.0,0.12,0.5264171553597782,False,latched,0.17082994674914606,0.0,0,{},50,False,0.33139878007152856,0.0
125,62500,63000,500,0.0,0.2579812096116444,0.2579812096116444,0.3038422624101432,0.4319124295793575,0.2579812096116444,,,0.87,,0.2579812096116444,0.0,,1.0,0.13,0.5302221209484943,False,latched,0.21252680422635117,0.0,0,{},50,False,0.33139878007152856,0.0
126,63000,63500,500,0.0,0.3883654470124295,0.3236378725103579,0.43712703618085047,0.4954468451163536,0.3236378725103579,,,0.878,,0.3883654470124295,0.0,,1.0,0.122,0.53462739790511,False,latched,0.220545710705872,0.0,0,{},50,False,0.33139878007152856,0.0
127,63500,64000,500,0.0,0.32073157131705143,0.26727630943087616,0.36901739814255163,0.33339091688821937,0.26727630943087616,,,0.804,,0.32073157131705143,0.0,,1.0,0.196,0.47411554442357184,False,latched,0.27033261823083726,0.0,0,{},50,False,0.33139878007152856,0.0
128,64000,64500,500,0.0,0.37596759163387866,0.37596759163387866,0.43847119421720127,0.4772788694380148,0.37596759163387866,,,0.878,,0.37596759163387866,0.0,,1.0,0.122,0.5415957692753997,False,latched,0.19085632246703757,0.0,0,{},50,False,0.33139878007152856,0.0
129,64500,65000,500,0.0,0.18895774846831573,0.18895774846831573,0.31798715203426126,0.2433714871021111,0.18895774846831573,,,0.852,,0.18895774846831573,0.0,,1.0,0.148,0.529762835652916,False,latched,0.2224582189185395,0.0,0,{},50,False,0.33139878007152856,0.0
130,65000,65500,500,0.0,0.41395843915573344,0.34496536596311117,0.5131182795698924,0.36611888780725144,0.34496536596311117,,,0.858,,0.41395843915573344,0.0,,1.0,0.142,0.52552598110983,False,latched,0.20385474284284408,0.0,0,{},50,False,0.33139878007152856,0.0
131,65500,66000,500,0.0,0.24910988336402698,0.24910988336402698,0.3031001446131598,0.35947658228322754,0.24910988336402698,,,0.884,,0.24910988336402698,0.0,,1.0,0.116,0.5355988987930055,False,latched,0.1440849333036984,0.0,0,{},50,False,0.33139878007152856,0.0
132,66000,66500,500,0.0,0.28988281205296346,0.28988281205296346,0.29474310129579406,0.5154686507532571,0.28988281205296346,,,0.888,,0.28988281205296346,0.0,,1.0,0.112,0.5454057114652726,False,latched,0.1624567334474395,0.0,0,{},50,False,0.33139878007152856,0.0
133,66500,67000,500,0.0,0.3853214817582258,0.3853214817582258,0.3988590169992609,0.55394694348968,0.3853214817582258,,,0.9,,0.3853214817582258,0.0,,1.0,0.1,0.5712479606315981,False,latched,0.209003124478757,0.0,0,{},50,False,0.33139878007152856,0.0
134,67000,67500,500,0.0,0.47857243879715794,0.3988103656642983,0.5062777777777778,0.5830359240486546,0.3988103656642983,,,0.914,,0.47857243879715794,0.0,,1.0,0.086,0.5707233079350768,False,latched,0.215717140020067,0.0,0,{},50,False,0.33139878007152856,0.0
135,67500,68000,500,0.0,0.3357589422978374,0.2797991185815312,0.37765136823960355,0.3576809303258432,0.2797991185815312,,,0.862,,0.3357589422978374,0.0,,1.0,0.138,0.5217315514386733,False,latched,0.19596190467321067,0.0,0,{},50,False,0.33139878007152856,0.0
136,68000,68500,500,0.0,0.3300122466185308,0.3300122466185308,0.3776701626046604,0.505413538195438,0.3300122466185308,,,0.898,,0.3300122466185308,0.0,,1.0,0.102,0.54345689167053,False,latched,0.23182504717814034,0.0,0,{},50,False,0.33139878007152856,0.0
137,68500,69000,500,0.0,0.2628554228210524,0.2628554228210524,0.2864386220281417,0.4252786278635663,0.2628554228210524,,,0.892,,0.2628554228210524,0.0,,1.0,0.108,0.5270766824520872,False,latched,0.20141726287193695,0.0,0,{},50,False,0.33139878007152856,0.0
138,69000,69500,500,0.0,0.26505102040816325,0.26505102040816325,0.2975678443420379,0.3983673779308465,0.26505102040816325,,,0.92,,0.26505102040816325,0.0,,1.0,0.08,0.55497802553152,False,latched,0.12128044726363021,0.0,0,{},50,False,0.33139878007152856,0.0
139,69500,70000,500,0.0,0.2697822285805119,0.22481852381709322,0.3364877161055505,0.412216423342274,0.22481852381709322,,,0.922,,0.2697822285805119,0.0,,1.0,0.078,0.5687562860181999,False,latched,0.1201298823681765,0.0,0,{},50,False,0.33139878007152856,0.0
140,70000,70500,500,0.0,0.20351817021972096,0.20351817021972096,0.219543811245362,0.40561426286867247,0.20351817021972096,,,0.902,,0.20351817021972096,0.0,,1.0,0.098,0.5735609692543879,False,latched,0.18773862246371992,0.0,0,{},50,False,0.33139878007152856,0.0
141,70500,71000,500,0.0,0.2802385549365398,0.2802385549365398,0.29835050282070147,0.5319337258323064,0.2802385549365398,,,0.91,,0.2802385549365398,0.0,,1.0,0.09,0.5925860664239302,False,latched,0.19097767828110385,0.0,0,{},50,False,0.33139878007152856,0.0
142,71000,71500,500,0.0,0.3236914993244107,0.3236914993244107,0.3838819914722849,0.5166841915433887,0.3236914993244107,,,0.88,,0.3236914993244107,0.0,,1.0,0.12,0.5343367057899922,False,latched,0.19933857151652803,0.0,0,{},50,False,0.33139878007152856,0.0
143,71500,72000,500,0.0,0.4256470588235294,0.35470588235294115,0.4774891774891775,0.503935670391871,0.35470588235294115,,,0.902,,0.4256470588235294,0.0,,1.0,0.098,0.5810347717678064,False,latched,0.14699358507132096,0.0,0,{},50,False,0.33139878007152856,0.0
144,72000,72500,500,0.0,0.29150008317178816,0.29150008317178816,0.45580458709955124,0.5587105215965709,0.29150008317178816,,,0.86,,0.29150008317178816,0.0,,1.0,0.14,0.5383165281861483,False,latched,0.30439140066869697,0.0,0,{},50,False,0.33139878007152856,0.0
145,72500,73000,500,0.0,0.4650753421151903,0.4650753421151903,0.48196460402342756,0.634681891298405,0.4650753421151903,,,0.91,,0.4650753421151903,0.0,,1.0,0.09,0.5664121457917549,False,latched,0.23375676530173403,0.0,0,{},50,False,0.33139878007152856,0.0
146,73000,73500,500,0.0,0.5933021058531507,0.3955347372354338,0.6208692446180955,0.5840730718353313,0.3955347372354338,,,0.924,,0.5933021058531507,0.0,,1.0,0.076,0.5976530891544956,False,latched,0.1669123324150375,0.0,0,{},50,False,0.33139878007152856,0.0
147,73500,74000,500,0.0,0.4394024276377217,0.3661686896981014,0.4600000000000001,0.49593188113552883,0.3661686896981014,,,0.952,,0.4394024276377217,0.0,,1.0,0.048,0.6042282611771685,False,latched,0.10111993414087861,0.0,0,{},50,False,0.33139878007152856,0.0
148,74000,74500,500,0.0,0.38141056024267705,0.25427370682845135,0.49581589958158995,0.3295885301200588,0.30512844819414164,,,0.946,,0.38141056024267705,0.0,,1.0,0.054,0.5866130666720566,False,latched,0.0807127278453784,0.0,0,{},50,False,0.33139878007152856,0.0
149,74500,75000,500,0.0,0.2913817186277797,0.24281809885648306,0.3552039381153305,0.3650527343206282,0.24281809885648306,,,0.928,,0.2913817186277797,0.0,,1.0,0.072,0.590947728356025,False,latched,0.09641881084606638,0.0,0,{},50,False,0.33139878007152856,0.0
150,75000,75500,500,0.0,0.3122624322197428,0.2602186935164523,0.3039381153305204,0.38496072591705854,0.2602186935164523,,,0.924,,0.3122624322197428,0.0,,1.0,0.076,0.590001303889586,False,latched,0.1036171525826262,0.0,0,{},50,False,0.33139878007152856,0.0
151,75500,76000,500,0.0,0.3897849738185873,0.3897849738185873,0.49309996929420546,0.524324567712045,0.3897849738185873,,,0.892,,0.3897849738185873,0.0,,1.0,0.108,0.5611531368018631,False,latched,0.32366394179274716,0.0,0,{},50,False,0.33139878007152856,0.0
152,76000,76500,500,0.0,0.48518177163338444,0.4043181430278204,0.5518678160919539,0.3945822537102767,0.4043181430278204,,,0.918,,0.48518177163338444,0.0,,1.0,0.082,0.5703429861941368,False,latched,0.10977486748368892,0.0,0,{},50,False,0.33139878007152856,0.0
153,76500,77000,500,0.0,0.3991120658789832,0.332593388232486,0.4046153846153846,0.5489788399963184,0.332593388232486,,,0.94,,0.3991120658789832,0.0,,1.0,0.06,0.595665487576861,False,latched,0.1370033015493885,0.0,0,{},50,False,0.33139878007152856,0.0
154,77000,77500,500,0.0,0.4137686301381452,0.34480719178178765,0.38998491704374055,0.4945035053761221,0.34480719178178765,,,0.874,,0.4137686301381452,0.0,,1.0,0.126,0.5428313801237024,False,latched,0.267303450477634,0.0,0,{},50,False,0.33139878007152856,0.0
155,77500,78000,500,0.0,0.17015063879488965,0.17015063879488965,0.19123931623931623,0.32471051742202045,0.17015063879488965,,,0.774,,0.17015063879488965,0.0,,1.0,0.226,0.4291409823883916,False,latched,0.3414004632341064,0.0,0,{},50,False,0.33139878007152856,0.0
156,78000,78500,500,0.0,0.22632951957201122,0.22632951957201122,0.26565769805680123,0.41143634107120586,0.22632951957201122,,,0.854,,0.22632951957201122,0.0,,1.0,0.146,0.514216175717595,False,latched,0.25276561746277276,0.0,0,{},50,False,0.33139878007152856,0.0
157,78500,79000,500,0.0,0.3067815828518354,0.3067815828518354,0.3446433156733586,0.4704270934086317,0.3067815828518354,,,0.908,,0.3067815828518354,0.0,,1.0,0.092,0.5624199352168311,False,latched,0.15212592380682996,0.0,0,{},50,False,0.33139878007152856,0.0
158,79000,79500,500,0.0,0.2906019788931182,0.2906019788931182,0.36909005244182236,0.42802257583903197,0.2906019788931182,,,0.856,,0.2906019788931182,0.0,,1.0,0.144,0.5141828958458581,False,latched,0.3211409215624785,0.0,0,{},50,False,0.33139878007152856,0.0
159,79500,80000,500,0.0,0.38735786129103067,0.32279821774252554,0.4664808447084158,0.48851155201758617,0.32279821774252554,,,0.894,,0.38735786129103067,0.0,,1.0,0.106,0.5292376181081796,False,latched,0.19740750316678607,0.0,0,{},50,False,0.33139878007152856,0.0
160,80000,80500,500,0.0,0.24230380420324557,0.24230380420324557,0.2392171747241407,0.2992607631313258,0.24230380420324557,,,0.862,,0.24230380420324557,0.0,,1.0,0.138,0.5023102615171584,False,latched,0.16311046147283872,0.0,0,{},50,False,0.33139878007152856,0.0
161,80500,81000,500,0.0,0.49896238837415313,0.41580199031179427,0.5488229755178907,0.4511590477765199,0.41580199031179427,,,0.91,,0.49896238837415313,0.0,,1.0,0.09,0.5444975250815911,False,latched,0.19942066432060238,0.0,0,{},50,False,0.33139878007152856,0.0
162,81000,81500,500,0.0,0.3206830942667895,0.3206830942667895,0.4515772804109737,0.39134140308441157,0.3206830942667895,,,0.874,,0.3206830942667895,0.0,,1.0,0.126,0.5109519091339195,False,latched,0.21911850593608917,0.0,0,{},50,False,0.33139878007152856,0.0
163,81500,82000,500,0.0,0.23790627362055936,0.23790627362055936,0.2280608634111819,0.24802253839704475,0.23790627362055936,,,0.822,,0.23790627362055936,0.0,,1.0,0.178,0.4886894794824526,False,latched,0.18877431662117156,0.0,0,{},50,False,0.33139878007152856,0.0
164,82000,82500,500,0.0,0.23538424788424786,0.23538424788424786,0.343983131973328,0.3399128026236927,0.23538424788424786,,,0.858,,0.23538424788424786,0.0,,1.0,0.142,0.5029010518870498,False,latched,0.19118143514253477,0.0,0,{},50,False,0.33139878007152856,0.0
165,82500,83000,500,0.0,0.3875763125763126,0.32298026048026046,0.4119407547965423,0.38016472335618906,0.32298026048026046,,,0.874,,0.3875763125763126,0.0,,1.0,0.126,0.536745210165657,False,latched,0.165461644370587,0.0,0,{},50,False,0.33139878007152856,0.0
166,83000,83500,500,0.0,0.31202177064114517,0.31202177064114517,0.3444047853706705,0.521427731696936,0.31202177064114517,,,0.85,,0.31202177064114517,0.0,,1.0,0.15,0.5078646121553384,False,latched,0.29527583314046274,0.0,0,{},50,False,0.33139878007152856,0.0
167,83500,84000,500,0.0,0.3631080557296918,0.3631080557296918,0.4244214658631505,0.4576776790254055,0.3631080557296918,,,0.9,,0.3631080557296918,0.0,,1.0,0.1,0.5748616560590009,False,latched,0.15860500574507438,0.0,0,{},50,False,0.33139878007152856,0.0
168,84000,84500,500,0.0,0.4841597100886559,0.4034664250738799,0.5858033142557888,0.5126550207465778,0.4034664250738799,,,0.91,,0.4841597100886559,0.0,,1.0,0.09,0.5876593666914857,False,latched,0.21855840446266792,0.0,0,{},50,False,0.33139878007152856,0.0
169,84500,85000,500,0.0,0.3532222778426683,0.3532222778426683,0.3762342374494409,0.4972595550800466,0.3532222778426683,,,0.924,,0.3532222778426683,0.0,,1.0,0.076,0.5760486200215428,False,latched,0.16576301671779614,0.0,0,{},50,False,0.33139878007152856,0.0
170,85000,85500,500,0.0,0.23627037068310397,0.23627037068310397,0.42022792022792027,0.3554045001775194,0.23627037068310397,,,0.888,,0.23627037068310397,0.0,,1.0,0.112,0.544201987668342,False,latched,0.1606983488260339,0.0,0,{},50,False,0.33139878007152856,0.0
171,85500,86000,500,0.0,0.3882636405670219,0.3235530338058516,0.47276440554339894,0.3719399265068517,0.3235530338058516,,,0.846,,0.3882636405670219,0.0,,1.0,0.154,0.5251184548342288,False,latched,0.2543645452964838,0.0,0,{},50,False,0.33139878007152856,0.0
172,86000,86500,500,0.0,0.24281767955801103,0.24281767955801103,0.28019713261648743,0.33661967269701637,0.24281767955801103,,,0.878,,0.24281767955801103,0.0,,1.0,0.122,0.5303389018672537,False,latched,0.18011340162156705,0.0,0,{},50,False,0.33139878007152856,0.0
173,86500,87000,500,0.0,0.2671953578336557,0.2226627981947131,0.24835624626419603,0.3052691844535873,0.2226627981947131,,,0.918,,0.2671953578336557,0.0,,1.0,0.082,0.5808929002020106,False,latched,0.12504796017757563,0.0,0,{},50,False,0.33139878007152856,0.0
174,87000,87500,500,0.0,0.4513007979674647,0.3760839983062206,0.4849448123620309,0.5210766282593561,0.3760839983062206,,,0.9,,0.4513007979674647,0.0,,1.0,0.1,0.559866036239331,False,latched,0.1620292538882341,0.0,0,{},50,False,0.33139878007152856,0.0
175,87500,88000,500,0.0,0.3388637506284565,0.3388637506284565,0.5660856935366739,0.4361410628790661,0.3388637506284565,,,0.886,,0.3388637506284565,0.0,,1.0,0.114,0.5457226697930919,False,latched,0.15361417923099382,0.0,0,{},50,False,0.33139878007152856,0.0
176,88000,88500,500,0.0,0.5682908545727137,0.4735757121439281,0.6265536723163841,0.541011730588415,0.4735757121439281,,,0.934,,0.5682908545727137,0.0,,1.0,0.066,0.6062842977611532,False,latched,0.13894420205888652,0.0,0,{},50,False,0.33139878007152856,0.0
177,88500,89000,500,0.0,0.2599628813835862,0.2599628813835862,0.276430399041864,0.38357054312183697,0.2599628813835862,,,0.886,,0.2599628813835862,0.0,,1.0,0.114,0.5764878138292509,False,latched,0.19805647555538342,0.0,0,{},50,False,0.33139878007152856,0.0
178,89000,89500,500,0.0,0.4473610947269081,0.3728009122724234,0.47107470511140237,0.601969279930678,0.3728009122724234,,,0.9,,0.4473610947269081,0.0,,1.0,0.1,0.5555442840176066,False,latched,0.2285884895744459,0.0,0,{},50,False,0.33139878007152856,0.0
179,89500,90000,500,0.0,0.34133240724662844,0.34133240724662844,0.36627810846560843,0.5503359247440948,0.34133240724662844,,,0.904,,0.34133240724662844,0.0,,1.0,0.096,0.565513343422857,False,latched,0.21363300677851466,0.0,0,{},50,False,0.33139878007152856,0.0
180,90000,90500,500,0.0,0.46328347578347584,0.38606956315289653,0.5023440122044242,0.6034164542167445,0.38606956315289653,,,0.9,,0.46328347578347584,0.0,,1.0,0.1,0.565903492522391,False,latched,0.2325589423939313,0.0,0,{},50,False,0.33139878007152856,0.0
181,90500,91000,500,0.0,0.39480317140456656,0.3290026428371388,0.39103414583976137,0.4769148045954528,0.3290026428371388,,,0.91,,0.39480317140456656,0.0,,1.0,0.09,0.5769335447755543,False,latched,0.24086712652640294,0.0,0,{},50,False,0.33139878007152856,0.0
182,91000,91500,500,0.0,0.193763199128006,0.193763199128006,0.20094936708860758,0.32212121240554964,0.193763199128006,,,0.91,,0.193763199128006,0.0,,1.0,0.09,0.5594676497216798,False,latched,0.1292718663260444,0.0,0,{},50,False,0.33139878007152856,0.0
183,91500,92000,500,0.0,0.43396192862002847,0.43396192862002847,0.5926937441643324,0.5623951408995335,0.43396192862002847,,,0.958,,0.43396192862002847,0.0,,1.0,0.042,0.6046373487629482,False,latched,0.09552612248787663,0.0,0,{},50,False,0.33139878007152856,0.0
184,92000,92500,500,0.0,0.21043123543123543,0.21043123543123543,0.28334457939721097,0.3882743112664526,0.21043123543123543,,,0.924,,0.21043123543123543,0.0,,1.0,0.076,0.5493647896900851,False,latched,0.11966769745859433,0.0,0,{},50,False,0.33139878007152856,0.0
185,92500,93000,500,0.0,0.36617189020829277,0.30514324184024394,0.5298924731182796,0.4095741194003768,0.30514324184024394,,,0.924,,0.36617189020829277,0.0,,1.0,0.076,0.5524855700556548,False,latched,0.15684543899229042,0.0,0,{},50,False,0.33139878007152856,0.0
186,93000,93500,500,0.0,0.34801798097284115,0.34801798097284115,0.39678069809484073,0.41202475907275193,0.34801798097284115,,,0.934,,0.34801798097284115,0.0,,1.0,0.066,0.5682288591822158,False,latched,0.08028463560124217,0.0,0,{},50,False,0.33139878007152856,0.0
187,93500,94000,500,0.0,0.26843525405053464,0.26843525405053464,0.26635586635586633,0.46382495492087206,0.26843525405053464,,,0.916,,0.26843525405053464,0.0,,1.0,0.084,0.5808270265240691,False,latched,0.1627765479929885,0.0,0,{},50,False,0.33139878007152856,0.0
188,94000,94500,500,0.0,0.33597576452343497,0.33597576452343497,0.41266506602641057,0.5277012270234478,0.33597576452343497,,,0.882,,0.33597576452343497,0.0,,1.0,0.118,0.543090966641985,False,latched,0.28486569768309744,0.0,0,{},50,False,0.33139878007152856,0.0
189,94500,95000,500,0.0,0.2492142224700364,0.2492142224700364,0.2858814697049991,0.3810854485182178,0.2492142224700364,,,0.838,,0.2492142224700364,0.0,,1.0,0.162,0.48894010505845936,False,latched,0.28053721678433,0.0,0,{},50,False,0.33139878007152856,0.0
190,95000,95500,500,0.0,0.21579005489998107,0.21579005489998107,0.3130056323604711,0.41536736013091385,0.21579005489998107,,,0.836,,0.21579005489998107,0.0,,1.0,0.164,0.4768932463268393,False,latched,0.2715433843272399,0.0,0,{},50,False,0.33139878007152856,0.0
191,95500,96000,500,0.0,0.3087643350801245,0.3087643350801245,0.355332755197766,0.4920732616345274,0.3087643350801245,,,0.914,,0.3087643350801245,0.0,,1.0,0.086,0.5627478354760378,False,latched,0.16533805707064267,0.0,0,{},50,False,0.33139878007152856,0.0
192,96000,96500,500,0.0,0.3557053098089815,0.3557053098089815,0.3690425097077458,0.5638969958780176,0.3557053098089815,,,0.938,,0.3557053098089815,0.0,,1.0,0.062,0.5958100135975504,False,latched,0.128508507382486,0.0,0,{},50,False,0.33139878007152856,0.0
193,96500,97000,500,0.0,0.43651094876085533,0.43651094876085533,0.4617170022371364,0.6174740044330498,0.43651094876085533,,,0.912,,0.43651094876085533,0.0,,1.0,0.088,0.5611723543372658,False,latched,0.2224777998150338,0.0,0,{},50,False,0.33139878007152856,0.0
194,97000,97500,500,0.0,0.3295213914025649,0.3295213914025649,0.35908489658489656,0.43984433710534987,0.3295213914025649,,,0.876,,0.3295213914025649,0.0,,1.0,0.124,0.5228723111630744,False,latched,0.2167441325326189,0.0,0,{},50,False,0.33139878007152856,0.0
195,97500,98000,500,0.0,0.24931146825883665,0.24931146825883665,0.32816198591957974,0.34189459958863117,0.24931146825883665,,,0.828,,0.24931146825883665,0.0,,1.0,0.172,0.49681398911705,False,latched,0.21681363193746894,0.0,0,{},50,False,0.33139878007152856,0.0
196,98000,98500,500,0.0,0.31276828668133017,0.31276828668133017,0.3828161227037632,0.3587769071399243,0.31276828668133017,,,0.82,,0.31276828668133017,0.0,,1.0,0.18,0.4747732262020212,False,latched,0.312870433155769,0.0,0,{},50,False,0.33139878007152856,0.0
197,98500,99000,500,0.0,0.25224896146683856,0.25224896146683856,0.2940271816881259,0.3184069662600375,0.25224896146683856,,,0.86,,0.25224896146683856,0.0,,1.0,0.14,0.5189580340904459,False,latched,0.22380115762651687,0.0,0,{},50,False,0.33139878007152856,0.0
198,99000,99500,500,0.0,0.3198388114495497,0.3198388114495497,0.3862637362637362,0.4674960596444664,0.3198388114495497,,,0.894,,0.3198388114495497,0.0,,1.0,0.106,0.5411162113701405,False,latched,0.1441337040142362,0.0,0,{},50,False,0.33139878007152856,0.0
199,99500,100000,500,0.0,0.2551674392841549,0.2551674392841549,0.2929404428470813,0.44388110524050306,0.2551674392841549,,,0.84,,0.2551674392841549,0.0,,1.0,0.16,0.49477320078535275,False,latched,0.30281245510802396,0.0,0,{},50,False,0.33139878007152856,0.0
200,100000,100500,500,0.0,0.32613832302394025,0.32613832302394025,0.3513887792253367,0.5538107657476273,0.32613832302394025,,,0.902,,0.32613832302394025,0.0,,1.0,0.098,0.5701601009795344,False,latched,0.20164191821855312,0.0,0,{},50,False,0.33139878007152856,0.0
201,100500,101000,500,0.0,0.31767652719762185,0.31767652719762185,0.32239209248238593,0.5172393499087665,0.31767652719762185,,,0.89,,0.31767652719762185,0.0,,1.0,0.11,0.5513042814063734,False,latched,0.21450049202397806,0.0,0,{},50,False,0.33139878007152856,0.0
202,101000,101500,500,0.0,0.514709797657082,0.34313986510472133,0.5322128851540616,0.43486066871161305,0.34313986510472133,,,0.932,,0.514709797657082,0.0,,1.0,0.068,0.5181148451004344,False,latched,0.1460977269349925,0.0,0,{},50,False,0.33139878007152856,0.0
203,101500,102000,500,0.0,0.3187394653844165,0.3187394653844165,0.39534677990092004,0.44911623474198714,0.3187394653844165,,,0.914,,0.3187394653844165,0.0,,1.0,0.086,0.5061385679651742,False,latched,0.20538192313299758,0.0,0,{},50,False,0.33139878007152856,0.0
204,102000,102500,500,0.0,0.27413018938918854,0.27413018938918854,0.3177715530656707,0.4085389931378693,0.27413018938918854,,,0.928,,0.27413018938918854,0.0,,1.0,0.072,0.5255172901636866,False,latched,0.1306379031805434,0.0,0,{},50,False,0.33139878007152856,0.0
205,102500,103000,500,0.0,0.44414196359547403,0.37011830299622833,0.5813675213675215,0.4503134891715204,0.37011830299622833,,,0.912,,0.44414196359547403,0.0,,1.0,0.088,0.5344691071678338,False,latched,0.19418312877534122,0.0,0,{},50,False,0.33139878007152856,0.0
206,103000,103500,500,0.0,0.2697281167108753,0.2247734305923961,0.3064863102998696,0.34247948022783276,0.2247734305923961,,,0.908,,0.2697281167108753,0.0,,1.0,0.092,0.5718903718151116,False,latched,0.1369371957029758,0.0,0,{},50,False,0.33139878007152856,0.0
207,103500,104000,500,0.0,0.24744897959183673,0.1649659863945578,0.24544534412955465,0.26588366263164076,0.1649659863945578,,,0.97,,0.24744897959183673,0.0,,1.0,0.03,0.6125089659348691,False,latched,0.0667525345767932,0.0,0,{},50,False,0.33139878007152856,0.0
208,104000,104500,500,0.0,0.22408903796310412,0.18674086496925343,0.2082267206477733,0.3353817163317574,0.18674086496925343,,,0.918,,0.22408903796310412,0.0,,1.0,0.082,0.5837154474735455,False,latched,0.10857308306451423,0.0,0,{},50,False,0.33139878007152856,0.0
209,104500,105000,500,0.0,0.3193022148130507,0.3193022148130507,0.4296047725577927,0.5058013727128617,0.3193022148130507,,,0.89,,0.3193022148130507,0.0,,1.0,0.11,0.5434365450564332,False,latched,0.18634752954854697,0.0,0,{},50,False,0.33139878007152856,0.0
210,105000,105500,500,0.0,0.31040341694990653,0.31040341694990653,0.3577478824115596,0.5558685982968166,0.31040341694990653,,,0.902,,0.31040341694990653,0.0,,1.0,0.098,0.5310455296570026,False,latched,0.19572000095009115,0.0,0,{},50,False,0.33139878007152856,0.0
211,105500,106000,500,0.0,0.40300837207450246,0.3358403100620854,0.49447166421688715,0.5270048090178078,0.3358403100620854,,,0.938,,0.40300837207450246,0.0,,1.0,0.062,0.5954882564313951,False,latched,0.12398783984629164,0.0,0,{},50,False,0.33139878007152856,0.0
212,106000,106500,500,0.0,0.3497438304951039,0.3497438304951039,0.4204990865304767,0.5214981481178371,0.3497438304951039,,,0.892,,0.3497438304951039,0.0,,1.0,0.108,0.5415601707637324,False,latched,0.1936802483613001,0.0,0,{},50,False,0.33139878007152856,0.0
213,106500,107000,500,0.0,0.40577376552986316,0.40577376552986316,0.5390993265993266,0.5768804225359717,0.40577376552986316,,,0.89,,0.40577376552986316,0.0,,1.0,0.11,0.5519788358633508,False,latched,0.23757637787216987,0.0,0,{},50,False,0.33139878007152856,0.0
214,107000,107500,500,0.0,0.45902402402402404,0.45902402402402404,0.4523175012536715,0.46652028274104146,0.45902402402402404,,,0.922,,0.45902402402402404,0.0,,1.0,0.078,0.576960402585831,False,latched,0.12532589460178228,0.0,0,{},50,False,0.33139878007152856,0.0
215,107500,108000,500,0.0,0.3802829886163219,0.3802829886163219,0.3652482269503546,0.5341433110338323,0.3802829886163219,,,0.95,,0.3802829886163219,0.0,,1.0,0.05,0.6066920999678982,False,latched,0.1434927341019687,0.0,0,{},50,False,0.33139878007152856,0.0
216,108000,108500,500,0.0,0.2654926938928438,0.2212439115773698,0.29326315789473684,0.3248258668660503,0.2212439115773698,,,0.924,,0.2654926938928438,0.0,,1.0,0.076,0.5700613633703626,False,latched,0.07117410758703668,0.0,0,{},50,False,0.33139878007152856,0.0
217,108500,109000,500,0.0,0.29338803000473235,0.29338803000473235,0.35230041825786507,0.3906769075432402,0.29338803000473235,,,0.922,,0.29338803000473235,0.0,,1.0,0.078,0.5803578244355574,False,latched,0.112088631153498,0.0,0,{},50,False,0.33139878007152856,0.0
218,109000,109500,500,0.0,0.3434290440742053,0.2861908700618378,0.3110485829959514,0.3811923715169188,0.2861908700618378,,,0.914,,0.3434290440742053,0.0,,1.0,0.086,0.5693848561136322,False,latched,0.11033877164460763,0.0,0,{},50,False,0.33139878007152856,0.0
219,109500,110000,500,0.0,0.5180225225225226,0.4316854354354354,0.5051803751803752,0.6260349846006815,0.4316854354354354,,,0.946,,0.5180225225225226,0.0,,1.0,0.054,0.6147511227219505,False,latched,0.20490695674903384,0.0,0,{},50,False,0.33139878007152856,0.0
220,110000,110500,500,0.0,0.23317254188636383,0.23317254188636383,0.24463048924255817,0.37409925984894715,0.23317254188636383,,,0.92,,0.23317254188636383,0.0,,1.0,0.08,0.5801439688506321,False,latched,0.10688594662089641,0.0,0,{},50,False,0.33139878007152856,0.0
221,110500,111000,500,0.0,0.3978715728715729,0.3978715728715729,0.4102796343160369,0.537124262833219,0.3978715728715729,,,0.932,,0.3978715728715729,0.0,,1.0,0.068,0.6043590832587432,False,latched,0.14344439610481668,0.0,0,{},50,False,0.33139878007152856,0.0
222,111000,111500,500,0.0,0.3064169885236466,0.3064169885236466,0.3921186823742125,0.5183542279284108,0.3064169885236466,,,0.878,,0.3064169885236466,0.0,,1.0,0.122,0.5531353039908007,False,latched,0.27686393131312276,0.0,0,{},50,False,0.33139878007152856,0.0
223,111500,112000,500,0.0,0.22232016210739616,0.18526680175616347,0.2824266365688487,0.30723248520279767,0.18526680175616347,,,0.792,,0.22232016210739616,0.0,,1.0,0.208,0.45605869589886877,False,latched,0.2910002166954506,0.0,0,{},50,False,0.33139878007152856,0.0
224,112000,112500,500,0.0,0.2982940980863424,0.248578415071952,0.36490989187024436,0.4253493443719278,0.248578415071952,,,0.872,,0.2982940980863424,0.0,,1.0,0.128,0.5336500300299155,False,latched,0.2118672152744499,0.0,0,{},50,False,0.33139878007152856,0.0
225,112500,113000,500,0.0,0.36708719851576993,0.36708719851576993,0.3891773364250428,0.5601886087581944,0.36708719851576993,,,0.878,,0.36708719851576993,0.0,,1.0,0.122,0.5487873790021935,False,latched,0.23862273985668242,0.0,0,{},50,False,0.33139878007152856,0.0
226,113000,113500,500,0.0,0.2525230680507497,0.2525230680507497,0.3380574452003023,0.46837215916262337,0.2525230680507497,,,0.868,,0.2525230680507497,0.0,,1.0,0.132,0.5602379403981299,False,latched,0.23609144216371972,0.0,0,{},50,False,0.33139878007152856,0.0
227,113500,114000,500,0.0,0.34753316609360924,0.2896109717446744,0.3924533799533799,0.4356773669680934,0.2896109717446744,,,0.864,,0.34753316609360924,0.0,,1.0,0.136,0.5236401255965867,False,latched,0.2203921659194386,0.0,0,{},50,False,0.33139878007152856,0.0
228,114000,114500,500,0.0,0.2452381197366292,0.2452381197366292,0.25153748368034085,0.34223881405672085,0.2452381197366292,,,0.85,,0.2452381197366292,0.0,,1.0,0.15,0.4958318376546242,False,latched,0.1925386823112028,0.0,0,{},50,False,0.33139878007152856,0.0
229,114500,115000,500,0.0,0.22585831239261212,0.22585831239261212,0.23399470899470898,0.35892049245719304,0.22585831239261212,,,0.848,,0.22585831239261212,0.0,,1.0,0.152,0.5001320634040973,False,latched,0.17551489990598504,0.0,0,{},50,False,0.33139878007152856,0.0
230,115000,115500,500,0.0,0.2879349938173468,0.2879349938173468,0.48488120950323976,0.37401251875175673,0.2879349938173468,,,0.862,,0.2879349938173468,0.0,,1.0,0.138,0.5240530374013099,False,latched,0.24507884261998705,0.0,0,{},50,False,0.33139878007152856,0.0
231,115500,116000,500,0.0,0.2591454091048097,0.2591454091048097,0.34902764637863976,0.3838089683973724,0.2591454091048097,,,0.852,,0.2591454091048097,0.0,,1.0,0.148,0.5149313795394838,False,latched,0.23787166642877988,0.0,0,{},50,False,0.33139878007152856,0.0
232,116000,116500,500,0.0,0.3986924535456958,0.3322437112880799,0.3985296442687747,0.45629443532541697,0.3322437112880799,,,0.876,,0.3986924535456958,0.0,,1.0,0.124,0.545964864945857,False,latched,0.19902903228428356,0.0,0,{},50,False,0.33139878007152856,0.0
233,116500,117000,500,0.0,0.31483484638456877,0.31483484638456877,0.32112382573060827,0.5092621196944372,0.31483484638456877,,,0.864,,0.31483484638456877,0.0,,1.0,0.136,0.5270320038441458,False,latched,0.2625125592764384,0.0,0,{},50,False,0.33139878007152856,0.0
234,117000,117500,500,0.0,0.4560301783201961,0.4560301783201961,0.6076014511094238,0.5960431674953245,0.4560301783201961,,,0.894,,0.4560301783201961,0.0,,1.0,0.106,0.5559245281141746,False,latched,0.1931268551600521,0.0,0,{},50,False,0.33139878007152856,0.0
235,117500,118000,500,0.0,0.41454995153196134,0.41454995153196134,0.42162481804949054,0.5686067580686941,0.41454995153196134,,,0.924,,0.41454995153196134,0.0,,1.0,0.076,0.5648402789647696,False,latched,0.1698834975079312,0.0,0,{},50,False,0.33139878007152856,0.0
236,118000,118500,500,0.0,0.31069239734471166,0.31069239734471166,0.5408814589665654,0.402254389145466,0.31069239734471166,,,0.918,,0.31069239734471166,0.0,,1.0,0.082,0.5316528180947402,False,latched,0.11811761775234433,0.0,0,{},50,False,0.33139878007152856,0.0
237,118500,119000,500,0.0,0.2841338997991359,0.2841338997991359,0.4174074074074074,0.4370764146045161,0.2841338997991359,,,0.924,,0.2841338997991359,0.0,,1.0,0.076,0.5614005613577575,False,latched,0.127649691676423,0.0,0,{},50,False,0.33139878007152856,0.0
238,119000,119500,500,0.0,0.32075471698113206,0.16037735849056603,0.3090909090909091,0.16264337794683312,0.16037735849056603,,,0.918,,0.32075471698113206,0.0,,1.0,0.082,0.5870429263858703,False,latched,0.08949285200282545,0.0,0,{},50,False,0.33139878007152856,0.0
239,119500,120000,500,0.0,0.9743589743589743,0.1623931623931624,0.95,,0.3247863247863248,,,0.95,,0.9743589743589743,0.0,,1.0,0.05,0.6158607998402921,False,latched,0.07049396366095775,0.0,0,{},50,False,0.33139878007152856,0.0
